10078   10018
10154   10062
10202   10076
10412   11026
10448   11026
10481   11026
10577   11026
10701   11026
10750   11026
10872   11026
10881   11026
10908   11026
11010   11026
11026   11026
11040   11026
11270   11026
11382   11026
11409   11026
11452   11026
11550   11615
11615   11615
11726   11615
11770   11615
11856   11615
11966   11615
12004   11615
12229   11615
12265   11615
12635   11615
12639   11615
12693   11615
12808   11816
12823   11823
12918   12025
12956   12156
13021   12286
13073   12361
13083   12698
13207   12807
13349   13129
13423   13213
13558   13232
13569   13368
13681   14099
13821   14392
13959   14603
14011   14603
14040   14603
14268   14603
14554   14603
14603   14603
14681   14603
14697   14603
14770   14603
14804   14603
14965   14603
14987   14603
15062   14603
15346   14603
15356   14603
15406   14603
15454   14603
15628   14603
15645   14603
15698   14603
15947   14613
15975   14772
15990   14780
16051   15002
16217   15029
16265   15062
16274   15062
16285   15062
16328   15062
16438   15200
16511   16186
16518   16210
16533   16226
16781   16533
16788   16533
16888   16533
16922   16533
16993   16533
17056   16533
17250   16533
17316   16533
17547   16533
17555   16533
17585   16533
17644   16533
17836   16533
17972   16533
18041   16533
18062   16902
18145   16993
18167   16993
18204   16993
18240   16993
18300   17090
18341   17580
18432   17603
18798   17693
18812   17704
18942   17790
18947   18260
19051   18284
19062   18499
19112   18518
19269   18593
19288   18658
19676   18692
19766   18701
19775   19023
19957   19238
20176   19269
20275   19269
20406   19269
20521   19269
20592   19269
20691   19269
20695   19269
20711   19269
20741   19269
20937   19269
21115   19269
21183   19269
21221   19269
21451   19269
21496   19679
21580   19735
21626   20129
21736   20232
21746   20341
21832   20471
21852   20569
21978   20603
21985   20743
22221   20937
22304   20937
22315   20937
22360   20975
22442   20982
22468   21025
22512   21118
22683   21180
22687   21309
22779   21563
22803   21819
22901   21832
23063   21832
23118   21832
23123   21832
23253   21832
23259   21832
23341   21832
23581   21832
23730   21832
23918   21832
23937   21832
23963   21832
24043   21832
24055   21832
24196   21832
24255   21832
24281   21832
24397   21832
24586   21832
24628   21931
24635   22395
24654   22437
24661   22543
25173   22687
25240   22687
25345   22687
25610   22687
25681   22687
25745   22785
25805   22807
25880   22863
25911   22896
26048   23192
26071   23272
26075   23463
26328   23743
26341   23773
26433   23867
26583   24097
26616   24165
26627   24188
26660   24350
26814   24387
26953   24540
27154   24587
27197   24903
27237   25169
27380   25425
27426   25661
27489   25748
27544   26005
27584   26094
27732   26414
27777   26448
27839   26629
27933   26864
27964   26979
28487   27032
28494   27105
28822   27170
29001   27313
29373   27335
29462   27578
29616   27672
29632   27760
29762   27821
30232   28094
30293   28303
30492   28372
30799   28401
30804   28454
30819   28628
30854   28822
30965   28822
31032   28822
31079   28822
31140   28822
31346   28822
31561   28822
31666   28822
31811   28822
31970   28822
32018   28822
32201   28822
32210   28822
32346   28822
32413   28822
32794   28830
32805   28871
32893   28945
32991   29016
33006   29084
33040   29388
33051   29395
33066   29420
33175   29742
33359   29744
33393   30199
33509   30242
33704   30261
33721   30672
34069   30705
34104   30918
34154   30928
34397   30969
34434   31007
34496   31234
34718   31360
34755   31428
34847   31738
35017   32023
35040   32780
35301   32809
35382   32832
35440   33015
35634   33263
35773   33435
35930   33449
35972   34118
36071   34270
36072   34480
36150   34848
36171   35071
36237   35077
36384   35096
36493   35210
36510   35329
36511   35437
36562   35440
36609   35440
36861   35440
36981   35440
37161   35440
37203   35440
37266   35440
37347   35440
37586   35440
37742   35440
37906   35440
37929   35440
38072   35440
38346   35757
38374   36219
38393   36321
38526   36351
38539   36681
38705   37096
38711   37221
38931   37240
38962   37309
39121   37560
39351   37691
39357   37748
39472   37750
39574   37767
39604   37945
39686   38164
39838   38295
39877   38436
40254   38499
40433   38604
40490   38704
40510   38714
40511   38754
40593   38961
40942   39264
41005   39303
41103   39339
41194   39546
41246   39579
41285   39588
41867   39769
41958   40254
42247   40254
42341   40254
42407   40254
42478   40254
42543   40254
42648   40254
42732   40254
42828   40323
42841   40332
42862   40490
42911   40490
42928   40490
42936   40548
43010   40583
43124   40693
43156   40730
43235   41727
43265   41743
43315   41915
43323   41935
43372   42101
43414   42289
43518   42293
43628   42556
43718   42624
43850   42651
43891   42913
43899   43091
44242   43239
44275   43484
44296   43664
44307   43965
44362   43968
44532   43974
44606   44094
44607   44101
44800   44230
44860   44307
44978   44307
45068   44386
45082   44707
45089   44892
45114   45177
45157   45258
45251   45491
45331   45594
45354   45700
45524   45763
45658   45910
45717   46040
46044   46079
46066   46227
46099   46325
46294   46369
46325   46572
46330   46666
46377   46712
46842   46732
46885   47222
46929   47554
47166   47695
47477   47988
47505   48172
47520   48194
47718   48197
47720   48418
47778   48648
47820   48760
47888   49141
48346   49254
48370   49282
48490   49690
48576   49757
48612   49768
48630   49768
48806   49768
48854   49768
49166   49768
49322   49768
49338   49768
49355   50462
49376   50527
49549   50527
49768   50527
49816   50527
49830   50527
49869   50527
49894   50527
49932   50527
50033   50527
50208   50527
50242   50527
50390   50527
50527   50527
50535   50527
50584   50527
50741   50527
50744   50527
50828   50527
50849   50527
50910   50527
50935   50562
50998   50848
51088   51002
51098   51023
51158   51098
51341   51098
51417   51098
51432   51098
51489   51098
51525   51098
51614   51098
51712   51098
51731   51098
51752   51098
51781   51098
51912   51098
51995   51098
52033   51098
52182   51098
52277   51098
52307   51158
52314   51158
52380   51158
52636   51158
52655   51158
52911   51158
52954   51158
52959   51158
53066   51158
53087   51158
53097   51174
53172   51300
53185   51377
53327   51384
53375   51603
53521   51634
53632   51731
53691   51731
53711   51731
54052   51731
54211   51731
54308   51731
54363   51731
54432   51731
54447   51731
54594   51731
54909   51731
54974   51731
55263   51731
55276   51731
55399   51731
55502   51731
55590   51731
55599   51731
55612   51977
55682   51995
55898   51995
56215   51995
56790   51995
56823   51995
56907   51995
56931   51995
57084   51995
57089   51995
57209   51995
57354   51995
57361   51995
57393   51995
57467   51995
57505   51995
57541   51995
57613   51995
57647   52012
57669   52212
57767   52252
57830   52332
57941   52351
58009   52449
58076   52471
58114   52674
58148   52804
58198   53484
58427   53891
58437   54345
58449   54394
58464   54438
58548   54511
58577   54533
58649   54745
58688   54904
58743   54957
58865   54958
58871   55221
58882   55231
58917   55466
59011   55985
59012   56089
59043   56350
59093   56423
59104   56489
59255   56588
59299   56595
59305   56737
59341   56754
59553   56803
59686   56835
59689   57020
59803   57590
59831   57830
60054   57830
60067   57830
60255   57830
60273   57830
60341   57830
60380   57830
60678   57830
60698   57830
60781   57830
60937   57861
60989   57866
61057   57905
61151   58185
61182   58289
61255   58339
61460   58502
61718   58579
61919   58697
62199   58882
62481   58882
62564   58939
62763   58945
62772   59127
62911   59205
62999   59352
63363   59650
63377   59706
63412   59887
63726   59963
63728   60418
63863   60450
63873   60630
63878   60636
63978   60813
64044   60911
64134   60975
64477   60992
64571   61041
64610   61082
64677   61166
64754   61463
64841   61581
64981   61719
64999   61732
65065   61911
65252   62179
65394   62413
65454   62445
65457   62481
65521   62481
65588   62481
65603   62481
65946   62481
65955   62481
66026   62481
66317   62481
66346   62487
66377   62929
66488   63185
66492   63237
66556   63296
66651   63601
66809   63650
66813   63651
66859   63879
66996   63914
67086   64168
67116   64301
67163   64396
67169   64508
67304   64580
67322   64610
67369   64610
67427   64610
67560   64754
67666   64754
67680   64754
67856   64754
67861   64754
67981   64754
68039   64971
68119   65001
68298   65059
68400   65178
68655   65273
68688   65274
68836   65419
69037   65677
69060   65860
69140   65952
69157   66381
69185   66635
69226   67346
69311   67518
69429   67543
69487   67821
69587   67945
69704   68175
69789   68324
69858   68417
70082   68611
70108   68621
70113   68859
70143   68981
70180   69095
70231   69119
70297   69194
70483   69308
70730   69422
70744   70291
70783   70411
70878   70576
71054   70606
71084   70728
71520   70753
71673   70933
71763   71078
71971   71128
72049   71141
72053   71171
72404   71404
72493   71562
72566   71785
72659   71806
72748   71880
72918   72092
73011   72236
73049   72477
73216   72766
73258   73001
73299   73124
73344   73129
73620   73200
73637   73636
73817   73934
73934   73934
73944   73934
74016   73934
74151   73934
74358   73934
74390   73934
74507   73934
74588   73934
74626   73934
74656   73934
74864   73934
75091   73934
75269   73934
75348   73934
75359   73934
75402   73934
75562   73934
75595   73934
75643   74131
75733   74152
76007   74216
76064   74337
76132   74362
76211   74609
76250   74633
76459   74917
76616   74924
76696   75113
76701   75391
76769   75417
76814   75953
76871   76152
77063   76522
77077   76566
77387   76683
77395   76696
77423   76926
77433   77130
77486   77296
77494   77389
77532   77433
77705   77433
77790   77433
77821   77433
77960   77433
78043   77433
78200   77433
78231   77433
78236   77433
78262   77433
78437   77433
78562   77574
78650   77946
78703   78230
78774   78240
78798   78280
78928   78432
78949   78539
79507   78550
79527   78654
79531   78793
79570   79082
79644   79256
79705   79316
79947   79353
79985   79376
80016   79436
80107   79610
80286   79655
80297   79723
80304   79777
80347   79820
80389   80153
80414   80156
80484   80212
80671   80267
80801   80534
80969   80548
81110   80752
81133   80829
81156   80867
81234   80969
81302   80969
81338   80969
81486   80969
81505   80969
81514   80969
81562   80969
81603   80969
81649   80969
81657   80969
81697   80969
81993   80969
82156   80972
82170   81296
82219   81369
82390   81463
82488   81653
82491   81657
82515   81657
82561   81657
82649   81657
82673   81657
82764   81657
83010   81657
83055   81657
83190   81657
83274   81657
83391   81657
83450   81657
83475   81657
83497   81657
83528   81657
83709   81657
83734   81657
83806   81697
83808   81697
83825   81697
83860   81697
83963   81697
84171   81697
84208   81697
84214   81697
84290   81697
84427   81697
84437   81733
84453   82117
84457   82219
84499   82219
84540   82219
84728   82219
84765   82219
84889   82219
84893   82219
84911   82219
84916   82219
85043   82262
85305   82274
85382   82588
85469   82756
85631   82963
85685   83162
85735   83232
85866   83504
85871   83532
85942   83815
85970   84018
85971   84048
86033   84612
86036   84890
86111   85054
86145   85469
86247   85469
86282   85469
86331   85469
86342   85469
86376   85469
86394   85469
86416   85469
86692   85469
86739   85469
86794   85469
86981   85469
86997   85469
87012   85469
87037   85469
87075   85469
87280   85469
87347   85469
87485   85469
87499   85614
87540   85646
87579   85690
87615   85838
87645   86048
87829   86436
88090   87149
88178   87172
88205   87223
88364   87303
88466   87400
88472   87571
88498   87646
88502   87735
88636   89001
88678   89200
88696   89333
88757   89423
88796   89945
88833   90149
88912   90176
88986   90357
88992   90452
89005   90492
89067   90723
89093   90744
89094   90795
89268   90889
89319   90961
89383   91017
89495   91038
89663   91132
89681   91438
89686   91896
89715   91984
89792   92032
89851   92202
90003   92270
90121   92406
90207   92421
90250   92545
90346   92649
90428   92845
90516   92854
90550   93019
90587   93096
90772   93096
90823   93096
90846   93096
90863   93096
90910   93096
90967   93096
91104   93096
91145   93096
91172   93096
91258   93096
91279   93096
91321   93096
91455   93096
91875   93096
91908   93308
91991   93315
92005   93369
92049   93437
92149   93600
92460   93643
92472   93679
92658   93679
92736   93679
92758   93679
92811   93679
92889   93679
92925   93679
93002   93679
93015   93679
93073   93679
93096   93679
93158   93679
93159   93679
93223   93679
93258   93772
93279   93858
93393   94212
93444   94327
93484   94570
93679   94764
93741   94798
93825   94959
93861   94970
93909   95134
93946   95236
94055   95350
94334   95381
94404   95604
94474   95618
94490   95658
94512   95692
94653   95704
94667   95795
94748   95937
94818   96041
94837   96099
94929   96148
95264   96155
95311   96336
95329   96729
95485   96803
95527   96855
95764   96880
95782   96894
95790   96906
95833   97003
95906   97128
95968   97128
96122   97128
96150   97128
96198   97128
96223   97280
96306   97307
96350   97432
96397   97525
96427   97525
96518   97525
96573   97525
96675   97525
96754   97525
96868   97525
96958   97525
96992   97794
97013   97890
97128   97921
97336   98072
97347   98072
97350   98072
97390   98072
97525   98072
97550   98072
97628   98072
97729   98072
97793   98072
97845   98072
98072   98072
98106   98072
98342   98072
98386   98072
98546   98072
98622   98072
98623   98072
98809   98082
98817   98089
99137   98411
99161   98470
99211   98578
99403   98699
99445   98757
99497   99057
99639   99342
99731   99445
99776   99445
99783   99445
99816   99445
99819   99445
99853   99462
99883   99605
